1 'Em' 1 1 1 2.0 0. 0. 1.0 0. 0. 0.
x=  0.500  0.000  0.000  0.000  0.000  0.000
xe1= 0. 0. -1. 0. 0. 0. u1=0.0            5f
xe2= 0. 1. -1. 1. 0. 0. u2=0.0            3f
xe3= 0. 1. -1. 0. 0. 0. u3=0.0            2f
xi=  0.345492  -0.345492  -0.345492  -0.345492  -0.345492  -0.345492  v=1.0
isyd=1
2 'Em' 1 2 1 2.0 0. 0. 1.0 0. 0. 0.
x=  0.500  0.000  0.000  0.000  0.000  0.000
xe1= 0. 0. -1. 0. 0. 0. u1=0.0            5f
xe2= 0. 1. -1. 1. 0. 0. u2=0.0            3f
xe3= 0. 1. -1. 0. 0. 0. u3=0.0            2f
xi=  -0.154508  -0.345492  -0.345492  0.345492  -0.345492  0.345492  v=1.0
isyd=1
